time,displacement,load,engineering_strain,engineering_stress
225.80069999999978,6.04894145476656e-06,72.6973,7.98756e-06,1.4809772344876087
232.80040000000008,0.000123068812598036,276.1208,0.000162511,5.625086746942542
246.54959999999846,8.046035118917201e-05,185.8894,0.000106247,3.786907760433481
267.57830000000104,0.00013796708256278402,271.287,0.000182184,5.526613381961089
280.67519999999786,9.255057027051199e-05,203.6134,0.000122212,4.147978123487658
308.0504000000001,0.00017827866739954,345.8085,0.000235415,7.044752913688791
335.05219999999827,0.00023167025624336803,466.6543,0.000305918,9.506603335691295
349.1782999999996,0.00118489448064064,1334.3292,0.00156464,27.18273125015734
363.0506999999998,0.00270453619213156,1630.0002,0.00357131,33.20609140105959
376.77850000000035,0.0044150693238438,1771.7937,0.00583005,36.09468486324207
390.5781999999999,0.006317622245738601,1855.1779,0.00834235,37.793373836779764
405.17529999999897,0.008406886317931201,1920.4352,0.0111012,39.1227846358621
419.0504000000001,0.0103929689087688,1960.7175,0.0137238,39.943408912868264
432.6755000000012,0.012299384036571201,2001.4026,0.0162412,40.77223896409234
446.5498000000007,0.014281150044335599,2042.4905,0.0188581,41.60927478953432
459.9272999999994,0.01621747833554,2072.7023,0.021415,42.22474452517639
474.0504000000001,0.0182433946578952,2104.5253,0.0240902,42.8730373576901
487.0501000000004,0.0201113391856768,2141.585,0.0265568,43.628011366586456
500.5505000000012,0.0219326343244568,2158.1008,0.0289618,43.96446848135345
514.4259999999995,0.023881533717242803,2197.5775,0.0315353,44.76868120992379
527.4261000000006,0.0256691292162408,2217.3158,0.0338958,45.170786555617326
541.6785999999993,0.027628630742890802,2249.1389,0.0364833,45.81908142531431
555.5496999999996,0.029594039172693598,2278.1422,0.0390786,46.40993180111939
569.0504000000001,0.0314446416386548,2296.6721,0.0415223,46.787419824159194
582.5506999999998,0.0332207262494576,2329.3008,0.0438676,47.452126242292
595.7999999999993,0.0350435359787896,2351.859,0.0462746,47.911678119060724
609.5505000000012,0.036921022427048804,2379.251,0.0487538,48.4697033608109
623.4255000000012,0.0388501564131312,2405.0317,0.0513012,48.99490346850615
636.9254000000001,0.0406289672869276,2423.5617,0.0536501,49.37239352872923
649.4259999999995,0.0423415905536016,2446.9255,0.0559116,49.84835695393376
662.8008000000009,0.0440820065569048,2471.4977,0.0582098,50.348937701792025
676.800299999999,0.0460144726422016,2495.6672,0.0607616,50.84131471261565
691.3005000000012,0.0479773819975936,2514.5999,0.0633536,51.22700850987338
705.1755999999987,0.049901972212019995,2535.5468,0.065895,51.65373525258718
718.3001000000004,0.0516541262921012,2561.7304,0.0682087,52.18714317168362
731.1748999999982,0.0533396383878944,2583.0801,0.0704344,52.62207568861534
743.8783000000003,0.0550084899876156,2598.7903,0.0726381,52.942121254946514
756.9254000000001,0.0567470884822564,2619.3343,0.0749339,53.36064018625914
770.5508000000009,0.0586554725777764,2641.4897,0.0774539,53.81198628880995
783.4258999999984,0.0603449983385324,2658.4083,0.0796849,54.15664917779485
796.5505000000012,0.0621082846591708,2682.175,0.0820133,54.640820414400565
809.3006999999998,0.0638318887073468,2695.8711,0.0842893,54.919835072458916
822.9251000000004,0.0656524265508508,2720.0406,0.0866933,55.41221208328254
836.550299999999,0.067498485245156,2735.3479,0.089131,55.72404983821254
849.802499999998,0.06925949967996639,2746.2242,0.0914564,55.94562000237899
863.1768999999986,0.0710728432183484,2767.1711,0.0938509,56.37234674509279
877.0518999999986,0.0728697534492412,2787.3123,0.0962237,56.78265990218751
889.9781000000003,0.074630313506886,2798.5915,0.0985485,57.01243787775514
903.1756999999998,0.076380044242084,2818.3299,0.100859,57.414545260631954
916.7998999999982,0.07822860201080001,2838.874,0.1033,57.833066229127844
930.6751000000004,0.08010290781889999,2854.987,0.105775,58.16131756967693
944.2782999999981,0.081943892634856,2863.4463,0.108206,58.33364901416938
957.050299999999,0.083656137253892,2886.0046,0.110467,58.79320292812137
969.7999999999993,0.08535626514851201,2898.895,0.112712,59.05580400056063
983.3004000000001,0.087133637161284,2914.6052,0.115059,59.3758495668918
996.4248999999982,0.088909494583504,2927.4956,0.117404,59.63845063933108
1009.8001000000004,0.09071715840731599,2945.2199,0.119791,59.999527113935066
1023.5786000000007,0.092511948211436,2956.9019,0.122161,60.2375108637206
1036.803100000001,0.094311281787212,2977.446,0.124537,60.6560318322165
1050.302499999998,0.096163626032308,2988.3223,0.126983,60.87760199638294
1063.0505999999987,0.097835734001716,3001.2127,0.129191,61.14020306882222
1075.7998000000007,0.09954646403020001,3010.4777,0.13145,61.32894809893375
1089.1751999999979,0.10133519547211199,3029.4105,0.133812,61.714643933374745
1102.4282999999996,0.103093635102984,3045.9264,0.136134,62.051103085325
1115.7776999999987,0.104912658355936,3051.566,0.138536,62.16599207310882
1129.4248999999982,0.1067029043884,3066.8733,0.1409,62.47782982803883
1142.6769999999997,0.10852798600355999,3084.1949,0.14331,62.83070256560817
1155.8006999999998,0.110293998587192,3094.2655,0.145642,63.03585914415553
1169.550800000001,0.11210999265904001,3114.004,0.14804,63.43796856421561
1183.050800000001,0.11390932623481599,3119.2408,0.150416,63.54465177778152
1196.6755999999987,0.115759398594084,3135.7566,0.152859,63.88110889254851
1210.0506999999998,0.11757236348482801,3147.8414,0.155253,64.12729841655195
1223.4261000000006,0.119339890659012,3155.4951,0.157587,64.28321831260858
1237.0499999999993,0.12120207974269599,3169.594,0.160046,64.57043874488485
1250.0777999999991,0.12287570230265601,3179.6647,0.162256,64.77559736061548
1263.7780999999995,0.124808319847008,3192.5551,0.164808,65.03819843305475
1277.0780999999988,0.126579633497572,3202.223,0.167147,65.23515127456747
1289.9274000000005,0.12835397632924,3215.9191,0.16949,65.51416593262583
1302.550800000001,0.129957170428532,3223.9756,0.171607,65.67829160290037
1316.1755999999987,0.131770892614552,3234.4491,0.174002,65.8916559928489
1329.3004,0.13355810946591198,3242.9085,0.176362,66.06398947452463
1343.0505000000012,0.135449075770084,3261.4385,0.178859,66.44147953474771
1356.050800000001,0.13716889334188,3273.1205,0.18113,66.67946328453326
1369.425800000001,0.139018965701148,3285.2053,0.183573,66.9256528085367
1382.300299999999,0.140747870816256,3295.2759,0.185856,67.13080938708406
1395.1748999999982,0.142440425758116,3301.7212,0.188091,67.26211196048696
1408.425800000001,0.144229914495304,3313.0003,0.190454,67.49188789887133
1421.9773999999998,0.146083016035676,3319.0427,0.192901,67.61498266087305
1435.4781000000003,0.147934602985496,3336.3643,0.195346,67.96785539844241
1449.1749999999993,0.14977483050617602,3341.1982,0.197776,68.06633080060712
1462.8001000000004,0.151579465148884,3356.9085,0.200159,68.38637840412157
1475.8001999999979,0.15328792329154,3362.1452,0.202415,68.4930595805042
1489.6781999999985,0.155212967883132,3369.7989,0.204957,68.64897947656083
1502.6751000000004,0.156972922104556,3383.4951,0.207281,68.92799617180248
1515.3005000000012,0.158666234341692,3392.3572,0.209517,69.10853339051282
1528.2998000000007,0.160417101019804,3403.2336,0.211829,69.33010559186255
1541.0505000000012,0.16208390792228,3404.0392,0.21403,69.34651714029837
1554.3001000000004,0.16389460092719602,3422.1665,0.216421,69.7158034634868
1567.9274000000005,0.165743158695912,3428.2089,0.218862,69.83889822548853
1581.6749999999993,0.167637911476464,3441.5022,0.221364,70.10970710932897
1595.550299999999,0.169503887036528,3453.1842,0.223828,70.34769085911452
1608.2998999999982,0.171264598553228,3455.6011,0.226153,70.39692754160524
1621.4251999999979,0.17290111364466398,3465.269,0.228314,70.59388038311795
1634.7998999999982,0.174722408783444,3476.1453,0.230719,70.81545054728441
1647.9782000000014,0.17652174235922,3486.6188,0.233095,71.02881493723295
1661.050299999999,0.17833167806886,3491.4528,0.235485,71.12729237658095
1674.5504,0.180182507723404,3501.5235,0.237929,71.33245099231156
1687.8005000000012,0.181965180803108,3506.3574,0.240283,71.43092639447629
1701.3001000000004,0.18371831936704802,3514.4139,0.242598,71.59505206475083
1714.8780000000006,0.185585809517664,3524.4846,0.245064,71.80021068048147
1728.1748999999982,0.18741316301865202,3535.7638,0.247477,72.02998865604911
1742.0505000000012,0.18927156562595598,3543.8203,0.249931,72.19411432632364
1755.1782999999996,0.19109058887890798,3549.0571,0.252333,72.30079753988954
1769.2998999999982,0.19296413739173202,3556.7108,0.254807,72.45671743594617
1783.300800000001,0.194851317219524,3566.7815,0.257299,72.66187605167681
1796.4269999999997,0.196648378909472,3576.8522,0.259672,72.86703466740744
1809.8011000000006,0.198474975115184,3582.4918,0.262084,72.98192365519125
1823.1751000000004,0.20034095067524801,3590.1455,0.264548,73.13784355124788
1836.1751999999979,0.20214255613685203,3597.7993,0.266927,73.29376548448779
1849.425800000001,0.20388963633858398,3605.453,0.269234,73.44968538054442
1862.4255999999987,0.205616269567864,3615.9265,0.271514,73.66304977049298
1875.2999999999993,0.207402729123948,3613.5095,0.273873,73.61381105081897
1888.9254,0.20927097656983998,3628.0114,0.27634,73.9092413316797
1902.1755000000012,0.21108242687003198,3633.6509,0.278732,74.02412828228023
1915.425800000001,0.21289160528439602,3639.6934,0.281121,74.14722508146522
1929.3001000000004,0.21480983421850403,3649.3612,0.283654,74.34417588579467
1942.178100000001,0.21655615712495999,3654.598,0.28596,74.45085909936057
1955.3006999999998,0.218345645862148,3661.4461,0.288323,74.5903674469814
1968.9259999999995,0.220222980851352,3673.5309,0.290802,74.83655697098484
1983.2998000000007,0.22219876422643597,3675.1422,0.293411,74.86938210503975
1996.978500000001,0.22406398249122403,3686.0186,0.295874,75.09095430638946
2010.9254,0.226010231350544,3689.2412,0.298444,75.15660457449928
2024.6748999999982,0.2278512161665,3698.1034,0.300875,75.33714383039292
2037.675299999999,0.229639947608412,3705.3543,0.303237,75.48485795223165
2050.550800000001,0.2314483687275,3710.9939,0.305625,75.59974694001545
2063.6784000000007,0.233219682378064,3718.6477,0.307964,75.75566887325536
2076.8007,0.235058395308192,3722.676,0.310392,75.83773272698427
2089.9257,0.23689180717138802,3733.1495,0.312813,76.05109711693281
2103.8004,0.238759297322004,3738.7891,0.315279,76.16598610471662
2116.5776000000005,0.24056166007888402,3742.4145,0.317659,76.23984214704434
2129.5511000000006,0.24235417799717598,3746.04,0.320026,76.31370022655534
2142.478299999999,0.24411413221860004,3753.6937,0.32235,76.46962012261197
2155.5784999999996,0.24599676827473602,3762.556,0.324836,76.65016141568888
2168.4254,0.24775293601978,3764.9729,0.327155,76.6993980981796
2181.8028999999988,0.24955681336721203,3772.2238,0.329537,76.84711222001833
2195.5499999999993,0.251459139100524,3776.2521,0.332049,76.92917607374724
2209.3780000000006,0.253414475503156,3783.9059,0.334631,77.08509800698714
2223.4251000000004,0.255331189846712,3787.9341,0.337162,77.16715982353277
2236.278299999998,0.257174446548496,3799.2133,0.339596,77.3969377991004
2249.4257,0.259023004317212,3799.6162,0.342037,77.40514561050158
2262.9785999999986,0.260890494467828,3807.6727,0.344503,77.56927128077612
2276.300299999999,0.262776917000344,3808.8812,0.346994,77.59389064061313
2290.1781999999985,0.26467015519034404,3815.3265,0.349494,77.72519321401603
2303.4249999999993,0.266557335018136,3820.9661,0.351986,77.84008220179985
2316.5499999999993,0.26841498033016403,3825.3972,0.354439,77.93035182974666
2329.9257,0.270262023508328,3833.0509,0.356878,78.0862717258033
2343.175500000001,0.272112095867596,3838.2877,0.359321,78.1929549393692
2356.552100000001,0.274011392419804,3837.0792,0.361829,78.1683355795322
2370.0784999999996,0.275908417086184,3848.3584,0.364334,78.39811355509983
2382.6758999999984,0.277690332870612,3851.1782,0.366687,78.45555804899173
2395.5504,0.279501783170804,3852.7895,0.369079,78.48838318304664
2408.802499999998,0.28140183701828797,3864.0688,0.371588,78.71816319579754
2422.425199999998,0.283295832503564,3864.4716,0.374089,78.72636897001544
2435.8783000000003,0.285165594540008,3868.9027,0.376558,78.81663859796227
2448.925500000001,0.28708306617884,3873.7366,0.37909,78.91511400012699
2463.0505999999987,0.28904824742006,3880.5847,0.381685,79.05462234774781
2476.1749999999993,0.290955874220304,3885.4187,0.384204,79.15309978709581
2489.2779999999984,0.29280897576067605,3886.6272,0.386651,79.1777191469328
2502.427599999999,0.294662077301048,3891.8639,0.389098,79.28440032331544
2516.178499999998,0.296578791644604,3899.5177,0.391629,79.44032225655535
2529.3007,0.29850610812202405,3903.546,0.394174,79.52238611028424
2542.077699999998,0.300325888670252,3907.1714,0.396577,79.59624215261198
2555.1787000000004,0.302267593757916,3908.7828,0.399141,79.62906932385016
2568.5505999999987,0.304207784255028,3914.4224,0.401703,79.74395831163396
2581.6759999999995,0.306016205374116,3914.0195,0.404091,79.73575050023278
2595.5505999999987,0.308009406540548,3921.6733,0.406723,79.89167243347269
2608.925500000001,0.309920062521896,3925.7016,0.409246,79.97373628720159
2622.2782000000007,0.311872369743424,3935.3695,0.411824,80.17068912871433
2636.425800000001,0.313939785846904,3938.1893,0.414554,80.22813362260622
2649.8005999999987,0.315921627584196,3941.4119,0.417171,80.29378389071604
2663.175500000001,0.317756554037944,3941.8147,0.419594,80.30198966493396
2676.6749999999993,0.319768687586276,3953.4968,0.422251,80.53997545190276
2689.799899999998,0.321711907264492,3951.4826,0.424817,80.49894250644668
2703.6768999999986,0.323749788852208,3953.4968,0.427508,80.53997545190276
2716.6761000000006,0.325658930243004,3958.3307,0.430029,80.63845085406749
2730.1754,0.327623354188948,3958.7335,0.432623,80.64665662828538
2743.2998000000007,0.329494630815944,3963.9703,0.435094,80.7533398418513
2757.0501000000004,0.33149161845875597,3967.193,0.437731,80.8189921471444
2769.778699999999,0.333424993298384,3968.4014,0.440284,80.84360946979811
2783.0505999999987,0.335319746078936,3973.2354,0.442786,80.94208690914613
2796.4257,0.33734929741861597,3972.0269,0.445466,80.91746754930912
2809.925199999998,0.339287973325176,3979.2778,0.448026,81.06518167114783
2823.800199999998,0.341303136054612,3983.3061,0.450687,81.14724552487674
2837.6771999999983,0.34335389166202,3983.709,0.453395,81.15545333627792
2852.175500000001,0.345522028037208,3993.3769,0.456258,81.35240617779064
2865.8018999999986,0.34757581282572,3995.7938,0.45897,81.40164286028137
2879.0496999999996,0.349590975555156,3995.391,0.461631,81.39343708606347
2892.175500000001,0.351471339725464,4000.2249,0.464114,81.4919124882282
2906.378700000001,0.353599339451024,4001.4334,0.466924,81.51653184806518
2919.5521999999983,0.355587239550524,4007.4759,0.469549,81.63962864725018
2932.800199999998,0.35758725637444,4013.1155,0.47219,81.754517635034
2946.6755999999987,0.35971904257638004,4010.2957,0.475005,81.6970731411421
2959.8005999999987,0.361708457266432,4012.7127,0.477632,81.74631186081609
2973.378700000001,0.363730435653352,4016.3381,0.480302,81.82016790314381
2987.4258999999984,0.365884940713572,4019.1579,0.483147,81.87761239703573
3000.802499999998,0.36797583297060804,4018.7551,0.485908,81.8694066228178
3014.924899999998,0.37016744549935204,4025.6032,0.488802,82.00891497043862
3028.5505999999987,0.372311348425708,4025.6032,0.491633,82.00891497043862
3041.9254,0.37428940368662,4027.6173,0.494245,82.04994587871144
3055.8005999999987,0.376408315868868,4032.4513,0.497043,82.14842331805944
3069.078300000001,0.378480275744004,4034.8683,0.499779,82.19766203773345
3082.5782,0.380629479737292,4033.2569,0.502617,82.16483486649527
3096.0508999999984,0.382746120033712,4040.105,0.505412,82.30434321411607
3110.050500000001,0.384927130428592,4042.1192,0.508292,82.34537615957215
3123.550800000001,0.387086179260468,4042.9249,0.511143,82.36178974519126
3136.9246999999996,0.389177071517504,4043.7305,0.513904,82.37820129362707
3150.427499999998,0.39129977017613204,4046.1475,0.516707,82.42744001330107
3163.6751000000004,0.39341489588199996,4051.7871,0.5195,82.54232900108488
3177.425500000001,0.39564891694619997,4046.1475,0.52245,82.42744001330107
3191.425299999999,0.397840529474944,4054.6069,0.525344,82.59977349497679
3204.4257,0.3999579270666401,4058.6352,0.52814,82.6818373487057
3218.550199999998,0.402186647063908,4057.4267,0.531083,82.6572179888687
3231.924899999998,0.40438658984068804,4059.038,0.533988,82.69004312292361
3245.3008999999984,0.40658880450329604,4062.2607,0.536896,82.7556954282167
3258.5507,0.408701658323336,4060.2465,0.539686,82.71466248276062
3271.675199999998,0.410856163383556,4063.872,0.542531,82.7885205622716
3285.1781999999985,0.413102301172172,4065.8861,0.545497,82.82955147054442
3299.1748000000007,0.41539842044900405,4069.9144,0.548529,82.91161532427333
3313.3019999999997,0.4177619390054,4069.5116,0.55165,82.90340955005541
3326.675500000001,0.419992930888496,4068.3031,0.554596,82.87879019021842
3340.3783000000003,0.42222922383852396,4071.9286,0.557549,82.95264826972942
3353.675500000001,0.424473847036588,4071.9286,0.560513,82.95264826972942
3367.3019999999997,0.42677526738035204,4071.5257,0.563552,82.94444045832824
3380.5501000000004,0.42896385072799204,4073.5399,0.566442,82.98547340378433
3393.800299999999,0.431252397052064,4079.1795,0.569464,83.10036239156814
3407.175800000001,0.433510651565096,4080.388,0.572446,83.12498175140514
3420.4254,0.435805256251376,4079.1795,0.575476,83.10036239156814
3433.6778000000013,0.43811727872900397,4078.3738,0.578529,83.08394880594905
3447.176800000001,0.440464894084604,4072.7342,0.581629,82.96905981816523
3460.6749999999993,0.442833713707932,4082.805,0.584757,83.17422047107914
3474.1754,0.44517375611077203,4081.9993,0.587847,83.15780688546005
3487.8007,0.44747290456870803,4087.2361,0.590883,83.26449009902595
3500.553,0.449729644491188,4086.8333,0.593863,83.25628432480805
3513.925800000001,0.45214465912635204,4086.0276,0.597052,83.23987073918894
3520.4249999999993,0.45332755434746397,4086.8333,0.598614,83.25628432480805
3526.9255999999987,0.45442638979294,4082.805,0.600065,83.17422047107914
3533.4782000000014,0.455559303525836,4085.6248,0.601561,83.23166496497105
3539.6785999999993,0.45671342152646,4094.487,0.603085,83.41220422086468
3546.674899999998,0.45798567759014003,4092.07,0.604765,83.36296550119069
3553.300199999998,0.45917463117345997,4090.8616,0.606335,83.33834817853695
3560.0499999999993,0.46034692426070795,4093.2785,0.607883,83.38758486102768
3566.978500000001,0.46163053975352797,4093.2785,0.609578,83.38758486102768
3573.0776000000005,0.462759667010044,4092.4729,0.611069,83.37117331259186
3579.425199999998,0.46392514443980803,4088.8474,0.612608,83.29731523308087
3585.552599999999,0.46504518415301205,4090.4587,0.614087,83.33014036713577
3591.800500000001,0.46616219468511205,4090.0559,0.615562,83.32193459291786
3598.174899999998,0.467355692040088,4090.4587,0.617138,83.33014036713577
3605.078699999998,0.4686415794187361,4089.6531,0.618836,83.31372881869996
3611.800500000001,0.469832804887884,4093.2785,0.620409,83.38758486102768
3618.4251000000004,0.47109445881770007,4094.487,0.622075,83.41220422086468
3624.675500000001,0.472254635180532,4088.8474,0.623607,83.29731523308087
3631.377700000001,0.4734610065552,4091.6672,0.6252,83.35475972697277
3637.9254,0.47465829038655605,4092.8757,0.626781,83.37937908680978
3644.925800000001,0.47602066458808,4095.6955,0.62858,83.43682358070167
3651.675800000001,0.47732472705335205,4093.2785,0.630302,83.38758486102768
3658.427100000001,0.478605313365068,4094.487,0.631993,83.41220422086468
3665.0501000000004,0.479885899676784,4093.6814,0.633684,83.39579267242885
3671.1746999999996,0.481074095964828,4095.2927,0.635253,83.42861780648376
3678.052599999999,0.48241829507972805,4094.8899,0.637028,83.42041203226586
3685.050500000001,0.48379051411984,4095.2927,0.63884,83.42861780648376
3692.050299999999,0.48508776092762806,4090.4587,0.640553,83.33014036713577
3698.8009999999995,0.48635320133382404,4095.2927,0.642224,83.42861780648376
3705.3005999999987,0.48760803960615606,4094.0842,0.643881,83.40399844664675
3711.8008999999984,0.488910587480876,4092.07,0.645601,83.36296550119069
3718.925299999999,0.49030325349344,4094.8899,0.64744,83.42041203226586
3725.3777999999984,0.49159065546264,4092.8757,0.64914,83.37937908680978
3731.9249999999993,0.49288563038460004,4093.2785,0.65085,83.38758486102768
3738.3007,0.49420711064122,4093.2785,0.652595,83.38758486102768
3745.1758999999984,0.49560810690182006,4094.0842,0.654445,83.40399844664675
3751.674899999998,0.49690535370960803,4090.4587,0.656158,83.33014036713577
3758.0504,0.498213959946536,4096.904,0.657886,83.46144294053869
3764.425299999999,0.49952483806929204,4093.6814,0.659617,83.39579267242885
3771.174899999998,0.500875852841676,4093.6814,0.661401,83.39579267242885
3778.050199999998,0.502179158011672,4090.8616,0.663122,83.33834817853695
3784.675800000001,0.503521085240744,4090.8616,0.664894,83.33834817853695
3791.1784000000007,0.504927382568276,4098.1125,0.666751,83.48606230037568
3791.1784000000007,0.504927382568276,4098.1125,0.666751,83.48606230037568
3797.9251000000004,0.506340495553292,4094.487,0.668617,83.41220422086468
3804.6778000000013,0.507733161565856,4094.487,0.670456,83.41220422086468
3811.078300000001,0.509049340755544,4093.6814,0.672194,83.39579267242885
3818.050199999998,0.510552571878404,4088.4446,0.674179,83.28910945886295
3824.800199999998,0.511997491265012,4088.4446,0.676087,83.28910945886295
3831.550299999999,0.513478760824868,4089.6531,0.678043,83.31372881869996
3838.300800000001,0.51492670939258,4086.0276,0.679955,83.23987073918894
3845.174899999998,0.516387531979984,4091.2644,0.681884,83.34655395275486
3851.5773999999983,0.5176711474728041,4084.8191,0.683579,83.21525137935195
3858.2780999999995,0.519166805642904,4085.6248,0.685554,83.23166496497105
3865.3022999999994,0.520743494407536,4086.8333,0.687636,83.25628432480805
3871.9249999999993,0.522205831585492,4082.4021,0.689567,83.16601265967796
3878.5505999999987,0.5236999751650401,4085.6248,0.69154,83.23166496497105
3885.4254,0.525250158595012,4080.7908,0.693587,83.13318752562306
3892.4251000000004,0.526862440237616,4081.5965,0.695716,83.14960111124213
3899.0498000000007,0.52838005997072,4080.7908,0.69772,83.13318752562306
3905.277900000001,0.529787114593528,4077.971,0.699578,83.07574303173114
3912.0507,0.531350172043192,4075.554,0.701642,83.02650431205716
3918.175500000001,0.532762527732932,4070.3173,0.703507,82.9198231356745
3924.9248000000007,0.5342498556549959,4070.3173,0.705471,82.9198231356745
3931.7776000000013,0.535737940872336,4071.1229,0.707436,82.93623468411033
3938.675500000001,0.537341134971628,4067.0946,0.709553,82.85417083038142
3945.050299999999,0.538907978897672,4066.289,0.711622,82.83775928194561
3951.7999999999993,0.540522532426104,4060.6493,0.713754,82.72286825697851
3958.4249999999993,0.542103764962392,4057.0239,0.715842,82.6490122146508
3965.5501000000004,0.5438220679436361,4054.6069,0.718111,82.59977349497679
3972.550199999998,0.545553244944572,4051.3843,0.720397,82.53412322686698
3979.1757,0.547177643311592,4051.3843,0.722542,82.53412322686698
3986.050299999999,0.548867169072348,4047.356,0.724773,82.45205937313808
3992.4257,0.5504294692267361,4040.105,0.726836,82.30434321411607
3998.9269999999997,0.551969050522844,4034.0626,0.728869,82.18124845211435
4005.550800000001,0.553579817574896,4030.0343,0.730996,82.09918459838545
4011.9248000000007,0.5550785049261,4022.7834,0.732975,81.95147047654672
4018.300500000001,0.5566657958245961,4016.7409,0.735071,81.82837367736172
4025.0504,0.5583326027270721,4010.6985,0.737272,81.70527891536
4032.425299999999,0.560188733448548,4004.2532,0.739723,81.57397634195709
4039.549899999998,0.5619926107959801,3997.808,0.742105,81.44267580573747
4046.6757,0.5637828568284441,3989.3486,0.744469,81.27034232406174
4053.6777,0.565524635963244,3978.4722,0.746769,81.04877012271203
4060.4254,0.56724445353504,3963.1647,0.74904,80.73692829341547
4067.5499999999993,0.569018796366708,3960.7477,0.751383,80.6876895737415
4074.4249999999993,0.570655311458144,3947.0515,0.753544,80.40867287849986
4080.9272999999994,0.572357711238592,3936.1751,0.755792,80.18710067715014
4087.8007,0.5740101295308241,3924.0903,0.757974,79.94091115314669
4094.300500000001,0.575645887326984,3913.6167,0.760134,79.72754472601488
4101.677,0.577540640107536,3897.1007,0.762636,79.39108353688134
4108.800500000001,0.579371780084904,3888.2385,0.765054,79.21054428098772
4115.675199999998,0.581136278077984,3868.9027,0.767384,78.81663859796227
4122.3778999999995,0.5828606394214361,3851.9839,0.769661,78.47197163461084
4129.177599999999,0.584539563048328,3839.899,0.771878,78.2257800734241
4135.925199999998,0.5862805848878521,3819.3548,0.774177,77.80725706774494
4143.077399999998,0.5881049092077361,3800.019,0.776586,77.41335138471949
4149.6751,0.5897489972519321,3784.3087,0.778757,77.09330378120505
4156.5507,0.591525611969428,3762.556,0.781103,76.65016141568888
4163.8783,0.593421122045256,3741.6089,0.783606,76.22343059860854
4170.5507,0.5950818705855241,3721.8703,0.785799,75.82131914136518
4177.378099999998,0.5968274361967041,3696.0893,0.788104,75.2961129221201
4184.050199999998,0.59855482672126,3671.9196,0.790385,74.80373183692993
4190.675299999999,0.6002239055095641,3649.7641,0.792589,74.35238369719585
4197.050599999999,0.6019505387388441,3625.5944,0.794869,73.86000261200569
4203.301100000001,0.603604471621628,3598.2021,0.797053,73.3019712587057
4210.175299999999,0.605384115520228,3570.0041,0.799403,72.72752631978663
4216.926800000001,0.607103175796748,3545.4317,0.801673,72.22694149756182
